849667487180259329
850490912954351616
848791766853668864
848306464892604416
850010509969465344
850433664890544128
847529600108421121
848619867506913282
850411934205845504
848325397985071104
849087242987593728
850449456445235200
850100742035836929
847945888995708928
850577240127623169
849811213416574976
849282894682050564
848491429517295616
847972153727299584
850455815001522176
847534226413105152
847804507367100416
849562231129993216
848317802092130306
850814012753403907
848377830996148224
847851483571814400
850344984742174720
847482196096987137
848813568820518913
848668638869671939
850660404770590720
848638037231906817
850090319165050880
850387833751650305
850590552856948737
848610228967010305
847394619029467136
848074037540597760
848992241981018112
849881409284182016
848437713061634052
849636831033532417
848866727429455872
848926030723031040
849429355583426561
850311262504407044
848600351381098496
848455845021196288
850672203372916736
850334784194609152
848975292794318848
848037224134430720
847496569947422725
849054770694434816
849303652280020995
847876720719912960
850346419164553218

